23
539
487
499
67
237
245
25
317
597
557
447
595
817
279
375
621
25
643
513
469
131
379
731
743
585
943
517
965
925
945
843
833
259
623
955
333
111
713
663
971
747
227
517
955
779
357
57
375
585
845
35
303
963
447
183
693
867
679
525
963
57
615
141
677
209
781
73
989
717
193
985
971
209
773
803
741
961
177
905
241
171
51
861
881
963
133
423
29
123
779
803
159
99
907
731
969
39
97
107
853
21
675
467
615
995
911
199
381
257
363
473
179
831
477
859
287
767
389
963
919
71
197
623
971
761
833
585
575
607
699
229
351
185
789
27
567
917
453
5
515
749
49
391
407
227
431
23
119
517
145
555
199
799
675
763
89
123
877
911
813
263
189
111
835
245
243
435
561
703
989
711
601
181
115
697
525
723
261
979
681
185
449
697
633
277
895
599
789
583
479
103
839
639
357
407
795
169
477
165
541
475
121
523
821
545
767
609
233
247
323
169
345
489
207
189
897
721
843
787
559
573
617
703
969
683
129
751
903
971
769
147
925
623
729
455
763
267
127
19
305
183
885
763
825
17
479
441
617
275
681
159
911
929
535
167
111
357
451
269
733
519
143
877
107
165
891
697
675
179
169
385
981
569
403
25
523
945
837
287
709
11
101
925
749
829
261
275
65
885
679
863
139
983
579
131
975
513
839
79
213
439
559
95
521
443
847
291
139
135
827
101
37
425
645
585
631
423
623
303
11
737
459
335
609
65
857
373
357
743
843
557
957
919
919
491
555
757
447
885
367
71
291
835
461
259
815
777
499
751
413
659
741
703
285
361
101
213
913
397
429
207
539
905
881
809
347
201
947
709
239
383
965
1
447
585
821
735
607
57
233
219
231
25
143
513
835
441
313
491
443
57
469
745
987
823
269
293
1
665
197
693
217
337
461
385
195
855
55
879
161
51
675
697
579
565
905
309
105
29
193
357
195
847
113
547
707
697
95
725
35
253
709
671
363
649
307
531
503
791
703
499
313
823
335
437
815
291
573
115
13
453
281
389
875
429
757
883
795
347
369
387
519
263
167
899
