114
286
534
900
782
814
408
180
790
412
936
166
258
270
176
158
798
422
912
884
366
926
868
704
758
988
154
442
724
924
380
618
364
464
218
138
354
110
888
750
930
38
174
774
494
722
280
28
498
260
712
710
998
498
940
68
40
818
48
128
692
604
370
120
186
50
446
490
82
360
444
108
330
296
576
518
764
242
564
26
592
44
830
112
194
848
228
436
200
302
274
16
254
92
22
938
952
584
468
528
6
688
38
316
86
928
554
602
620
530
984
612
970
334
230
688
282
6
154
128
258
630
644
612
34
634
774
432
698
436
910
900
246
328
728
884
132
662
482
820
166
304
82
926
190
888
420
404
134
234
384
254
882
532
824
682
622
870
716
536
64
190
264
966
378
96
410
106
606
140
880
4
656
406
244
654
770
784
590
692
928
550
456
708
296
444
588
828
998
442
38
318
704
394
246
798
402
64
310
692
218
802
756
864
284
540
770
1000
990
996
632
892
352
434
528
182
586
414
874
20
220
390
924
292
298
338
828
512
62
496
652
520
1000
984
490
222
830
316
230
916
630
444
640
348
812
578
800
116
46
192
110
528
398
240
932
208
134
346
572
42
558
620
790
150
320
92
456
388
724
62
758
196
372
390
160
306
166
728
972
872
886
564
788
456
710
676
542
812
270
66
542
676
402
432
380
438
556
386
472
400
674
270
702
156
814
622
630
812
854
110
686
34
778
244
366
578
192
4
462
656
8
80
922
342
136
508
160
324
428
526
914
684
620
368
502
464
1000
614
584
876
694
68
538
840
740
924
24
936
798
604
656
342
296
650
160
782
736
626
38
450
564
742
42
884
478
486
680
214
180
594
592
120
366
168
534
724
240
980
700
502
184
876
124
224
120
226
908
862
954
494
360
436
130
430
796
434
298
570
552
170
112
964
938
222
116
794
676
710
102
664
172
858
754
520
600
36
550
16
916
670
834
884
786
376
748
108
788
720
498
320
440
378
702
22
862
190
278
332
174
724
174
372
232
822
386
116
200
402
262
968
582
878
60
60
990
524
210
898
88
478
606
662
992
740
368
860
76
716
204
328
508
444
408
852
718
256
862
950
780
780
324
390
118
674
594
224
428
824
948
128
206
712
738
16
32
6
72
10
448
44
348
822
872
488
294
866
926
592
500
302
550
756
306
674
884
588
214
694
194
438
828
688
368
480
58
464
992
868
924
460
642
690
266
526
